image_width: 1920
image_height: 1080
camera_name: narrow_stereo
camera_matrix:
  rows: 3
  cols: 3
  data: [1465.728433, 0.000000, 960.661035, 0.000000, 1476.926252, 525.618322, 0.000000, 0.000000, 1.000000]
distortion_model: plumb_bob
distortion_coefficients:
  rows: 1
  cols: 5
  data: [0.037891, -0.079731, -0.006196, -0.000102, 0.000000]
rectification_matrix:
  rows: 3
  cols: 3
  data: [1.000000, 0.000000, 0.000000, 0.000000, 1.000000, 0.000000, 0.000000, 0.000000, 1.000000]
projection_matrix:
  rows: 3
  cols: 4
  data: [1469.868652, 0.000000, 960.479293, 0.000000, 0.000000, 1484.509399, 520.966236, 0.000000, 0.000000, 0.000000, 1.000000, 0.000000]
