image_width: 640
image_height: 480
camera_name: narrow_stereo
camera_matrix:
  rows: 3
  cols: 3
  data: [654.029002, 0, 318.310629, 0, 651.6204770000001, 210.721894, 0, 0, 1]
distortion_model: plumb_bob
distortion_coefficients:
  rows: 1
  cols: 5
  data: [-0.006783, -0.178923, 0.000926, 0.007013999999999999, 0]
rectification_matrix:
  rows: 3
  cols: 3
  data: [1, 0, 0, 0, 1, 0, 0, 0, 1]
projection_matrix:
  rows: 3
  cols: 4
  data: [645.730774, 0, 321.784936, 0, 0, 649.168945, 210.480637, 0, 0, 0, 1, 0]
